Wavelength	Loss
nm	dB/m
	Bi227(K)(SM)
1000	4,1475
1000,7	4,24994
1001,4	3,89078
1002,1	4,03395
1002,8	3,55325
1003,5	4,29612
1004,2	3,62742
1004,9	3,69354
1005,6	3,84253
1006,3	3,85141
1007	4,05532
1007,7	3,79225
1008,4	4,26477
1009,1	3,39285
1009,8	3,40766
1010,5	3,76134
1011,2	3,60388
1011,9	3,22793
1012,6	3,06994
1013,3	3,10505
1014	3,07425
1014,7	2,90699
1015,4	2,96425
1016,1	2,8141
1016,8	2,80502
1017,5	2,90086
1018,2	2,63086
1018,9	2,71702
1019,6	2,60204
1020,3	2,54579
1021	2,54139
1021,7	2,47274
1022,4	2,40299
1023,1	2,37967
1023,8	2,34944
1024,5	2,2727
1025,2	2,24073
1025,9	2,21407
1026,6	2,17013
1027,3	2,12302
1028	2,05792
1028,7	2,06184
1029,4	2,01547
1030,1	1,95465
1030,8	1,96168
1031,5	1,93185
1032,2	1,88496
1032,9	1,84646
1033,6	1,82785
1034,3	1,78662
1035	1,75742
1035,7	1,73134
1036,4	1,70215
1037,1	1,66461
1037,8	1,65422
1038,5	1,64038
1039,2	1,59731
1039,9	1,5836
1040,6	1,54714
1041,3	1,51997
1042	1,5009
1042,7	1,48049
1043,4	1,45276
1044,1	1,44099
1044,8	1,41588
1045,5	1,4039
1046,2	1,37189
1046,9	1,35584
1047,6	1,33016
1048,3	1,31772
1049	1,30754
1049,7	1,2872
1050,4	1,26971
1051,1	1,25946
1051,8	1,24552
1052,5	1,22087
1053,2	1,20698
1053,9	1,19607
1054,6	1,18342
1055,3	1,17032
1056	1,15388
1056,7	1,14005
1057,4	1,1326
1058,1	1,1197
1058,8	1,10749
1059,5	1,09898
1060,2	1,0863
1060,9	1,07596
1061,6	1,06501
1062,3	1,05946
1063	1,04544
1063,7	1,03431
1064,4	1,02628
1065,1	1,02222
1065,8	1,00724
1066,5	0,99603
1067,2	0,98266
1067,9	0,97639
1068,6	0,96452
1069,3	0,96169
1070	0,94972
1070,7	0,94217
1071,4	0,9375
1072,1	0,92646
1072,8	0,91743
1073,5	0,90872
1074,2	0,90255
1074,9	0,88958
1075,6	0,88398
1076,3	0,87498
1077	0,86604
1077,7	0,86209
1078,4	0,8579
1079,1	0,85418
1079,8	0,84806
1080,5	0,84058
1081,2	0,82972
1081,9	0,82706
1082,6	0,82266
1083,3	0,81579
1084	0,81482
1084,7	0,81254
1085,4	0,808
1086,1	0,80514
1086,8	0,8044
1087,5	0,80234
1088,2	0,80497
1088,9	0,80709
1089,6	0,80987
1090,3	0,81232
1091	0,82024
1091,7	0,82725
1092,4	0,83935
1093,1	0,85144
1093,8	0,86546
1094,5	0,88335
1095,2	0,90159
1095,9	0,92137
1096,6	0,94663
1097,3	0,9734
1098	0,99857
1098,7	1,02592
1099,4	1,05609
1100,1	1,08371
1100,8	1,11347
1101,5	1,14245
1102,2	1,16376
1102,9	1,1904
1103,6	1,21206
1104,3	1,23205
1105	1,25138
1105,7	1,26641
1106,4	1,27657
1107,1	1,28666
1107,8	1,28942
1108,5	1,29521
1109,2	1,30017
1109,9	1,29923
1110,6	1,29724
1111,3	1,29953
1112	1,29653
1112,7	1,29681
1113,4	1,2923
1114,1	1,29149
1114,8	1,28391
1115,5	1,28218
1116,2	1,27443
1116,9	1,27513
1117,6	1,26907
1118,3	1,26242
1119	1,25702
1119,7	1,24955
1120,4	1,24001
1121,1	1,23009
1121,8	1,2145
1122,5	1,20131
1123,2	1,18728
1123,9	1,16842
1124,6	1,14591
1125,3	1,12753
1126	1,10372
1126,7	1,08344
1127,4	1,05547
1128,1	1,02767
1128,8	0,99803
1129,5	0,97143
1130,2	0,94604
1130,9	0,92228
1131,6	0,89522
1132,3	0,87789
1133	0,85488
1133,7	0,82931
1134,4	0,81369
1135,1	0,80826
1135,8	0,80049
1136,5	0,79598
1137,2	0,79379
1137,9	0,79346
1138,6	0,79856
1139,3	0,79533
1140	0,78878
1140,7	0,78584
1141,4	0,78749
1142,1	0,7804
1142,8	0,78554
1143,5	0,77636
1144,2	0,77927
1144,9	0,78477
1145,6	0,77777
1146,3	0,77074
1147	0,76086
1147,7	0,75607
1148,4	0,74582
1149,1	0,73615
1149,8	0,72546
1150,5	0,72424
1151,2	0,72999
1151,9	0,72913
1152,6	0,7219
1153,3	0,72322
1154	0,71962
1154,7	0,71841
1155,4	0,71489
1156,1	0,71077
1156,8	0,71103
1157,5	0,70849
1158,2	0,7066
1158,9	0,70771
1159,6	0,70159
1160,3	0,7004
1161	0,70027
1161,7	0,69701
1162,4	0,69237
1163,1	0,69297
1163,8	0,68758
1164,5	0,68802
1165,2	0,68535
1165,9	0,68159
1166,6	0,67895
1167,3	0,67788
1168	0,67512
1168,7	0,6726
1169,4	0,66935
1170,1	0,66641
1170,8	0,66587
1171,5	0,66567
1172,2	0,66469
1172,9	0,66204
1173,6	0,65938
1174,3	0,66173
1175	0,65861
1175,7	0,65799
1176,4	0,65708
1177,1	0,65578
1177,8	0,6564
1178,5	0,65455
1179,2	0,65243
1179,9	0,65255
1180,6	0,65165
1181,3	0,65313
1182	0,65175
1182,7	0,65058
1183,4	0,64898
1184,1	0,64731
1184,8	0,64725
1185,5	0,64778
1186,2	0,64681
1186,9	0,64505
1187,6	0,64465
1188,3	0,64425
1189	0,64404
1189,7	0,64395
1190,4	0,64338
1191,1	0,64374
1191,8	0,64455
1192,5	0,64245
1193,2	0,64289
1193,9	0,64174
1194,6	0,64342
1195,3	0,64067
1196	0,64333
1196,7	0,64357
1197,4	0,64331
1198,1	0,64155
1198,8	0,64428
1199,5	0,64399
1200,2	0,64397
1200,9	0,645
1201,6	0,64482
1202,3	0,64712
1203	0,64535
1203,7	0,64736
1204,4	0,64682
1205,1	0,64848
1205,8	0,64861
1206,5	0,65069
1207,2	0,65196
1207,9	0,65186
1208,6	0,65092
1209,3	0,65266
1210	0,65372
1210,7	0,65539
1211,4	0,65591
1212,1	0,65623
1212,8	0,65841
1213,5	0,65946
1214,2	0,66059
1214,9	0,66285
1215,6	0,66464
1216,3	0,66399
1217	0,66671
1217,7	0,66842
1218,4	0,6688
1219,1	0,67064
1219,8	0,6726
1220,5	0,67377
1221,2	0,67507
1221,9	0,67573
1222,6	0,67858
1223,3	0,68082
1224	0,68193
1224,7	0,68438
1225,4	0,68643
1226,1	0,68678
1226,8	0,68977
1227,5	0,69134
1228,2	0,69225
1228,9	0,69524
1229,6	0,69763
1230,3	0,69942
1231	0,70119
1231,7	0,70295
1232,4	0,70561
1233,1	0,70787
1233,8	0,70863
1234,5	0,71128
1235,2	0,71327
1235,9	0,7188
1236,6	0,72033
1237,3	0,72169
1238	0,72635
1238,7	0,72691
1239,4	0,73122
1240,1	0,73426
1240,8	0,7373
1241,5	0,74083
1242,2	0,74364
1242,9	0,74693
1243,6	0,74984
1244,3	0,75363
1245	0,75577
1245,7	0,75963
1246,4	0,76229
1247,1	0,76563
1247,8	0,76977
1248,5	0,77354
1249,2	0,7765
1249,9	0,78315
1250,6	0,78601
1251,3	0,78871
1252	0,79127
1252,7	0,79728
1253,4	0,80046
1254,1	0,80167
1254,8	0,8072
1255,5	0,8108
1256,2	0,81621
1256,9	0,81931
1257,6	0,82372
1258,3	0,82834
1259	0,83267
1259,7	0,83753
1260,4	0,84131
1261,1	0,84698
1261,8	0,85215
1262,5	0,85799
1263,2	0,86025
1263,9	0,86483
1264,6	0,86976
1265,3	0,87629
1266	0,88165
1266,7	0,88647
1267,4	0,89307
1268,1	0,89584
1268,8	0,90082
1269,5	0,90679
1270,2	0,91343
1270,9	0,91908
1271,6	0,92405
1272,3	0,93063
1273	0,93679
1273,7	0,94314
1274,4	0,94926
1275,1	0,95703
1275,8	0,96021
1276,5	0,96705
1277,2	0,9721
1277,9	0,98125
1278,6	0,98942
1279,3	0,99605
1280	0,99908
1280,7	1,00606
1281,4	1,01279
1282,1	1,0219
1282,8	1,03071
1283,5	1,03583
1284,2	1,04396
1284,9	1,05107
1285,6	1,05759
1286,3	1,06397
1287	1,07381
1287,7	1,08095
1288,4	1,08961
1289,1	1,09751
1289,8	1,10576
1290,5	1,11465
1291,2	1,12127
1291,9	1,1303
1292,6	1,13713
1293,3	1,14741
1294	1,15548
1294,7	1,16405
1295,4	1,17376
1296,1	1,18078
1296,8	1,19118
1297,5	1,20188
1298,2	1,20583
1298,9	1,21865
1299,6	1,22535
1300,3	1,23775
1301	1,24478
1301,7	1,25279
1302,4	1,26444
1303,1	1,27345
1303,8	1,28271
1304,5	1,29588
1305,2	1,30561
1305,9	1,31155
1306,6	1,32273
1307,3	1,33345
1308	1,34181
1308,7	1,35327
1309,4	1,36167
1310,1	1,37307
1310,8	1,38568
1311,5	1,39542
1312,2	1,40742
1312,9	1,41723
1313,6	1,42767
1314,3	1,43739
1315	1,45022
1315,7	1,4596
1316,4	1,47401
1317,1	1,48363
1317,8	1,49217
1318,5	1,50558
1319,2	1,52008
1319,9	1,5263
1320,6	1,53977
1321,3	1,55161
1322	1,56515
1322,7	1,5744
1323,4	1,58469
1324,1	1,59405
1324,8	1,60495
1325,5	1,61433
1326,2	1,63377
1326,9	1,64144
1327,6	1,65491
1328,3	1,6673
1329	1,68014
1329,7	1,69074
1330,4	1,70285
1331,1	1,70479
1331,8	1,72648
1332,5	1,73052
1333,2	1,74334
1333,9	1,76271
1334,6	1,77055
1335,3	1,78284
1336	1,80106
1336,7	1,80674
1337,4	1,82016
1338,1	1,83483
1338,8	1,83879
1339,5	1,85454
1340,2	1,86827
1340,9	1,87411
1341,6	1,89171
1342,3	1,90422
1343	1,91976
1343,7	1,92872
1344,4	1,93306
1345,1	1,94067
1345,8	1,95992
1346,5	1,97279
1347,2	1,97591
1347,9	1,98643
1348,6	2,01425
1349,3	2,02176
1350	2,03158
1350,7	2,05055
1351,4	2,0486
1352,1	2,06988
1352,8	2,07622
1353,5	2,08542
1354,2	2,09588
1354,9	2,11125
1355,6	2,11745
1356,3	2,13219
1357	2,13899
1357,7	2,14801
1358,4	2,16518
1359,1	2,17002
1359,8	2,18575
1360,5	2,19011
1361,2	2,20556
1361,9	2,20637
1362,6	2,22498
1363,3	2,2426
1364	2,24687
1364,7	2,25094
1365,4	2,26512
1366,1	2,26858
1366,8	2,28156
1367,5	2,29984
1368,2	2,30353
1368,9	2,31251
1369,6	2,32126
1370,3	2,33048
1371	2,3423
1371,7	2,33875
1372,4	2,3451
1373,1	2,35988
1373,8	2,36611
1374,5	2,38676
1375,2	2,38004
1375,9	2,38989
1376,6	2,40346
1377,3	2,39516
1378	2,40192
1378,7	2,415
1379,4	2,42557
1380,1	2,42188
1380,8	2,42249
1381,5	2,42455
1382,2	2,45298
1382,9	2,4491
1383,6	2,45354
1384,3	2,45697
1385	2,46647
1385,7	2,46377
1386,4	2,46667
1387,1	2,4648
1387,8	2,46639
1388,5	2,49099
1389,2	2,4802
1389,9	2,48933
1390,6	2,47089
1391,3	2,48223
1392	2,48765
1392,7	2,47162
1393,4	2,48819
1394,1	2,4759
1394,8	2,47668
1395,5	2,46879
1396,2	2,49777
1396,9	2,46616
1397,6	2,47985
1398,3	2,47621
1399	2,45221
1399,7	2,45306
1400,4	2,48601
1401,1	2,45277
1401,8	2,46447
1402,5	2,44919
1403,2	2,46872
1403,9	2,43056
1404,6	2,44916
1405,3	2,43483
1406	2,43103
1406,7	2,42733
1407,4	2,41286
1408,1	2,40518
1408,8	2,42191
1409,5	2,40346
1410,2	2,39078
1410,9	2,38783
1411,6	2,38451
1412,3	2,36945
1413	2,3654
1413,7	2,35862
1414,4	2,35186
1415,1	2,34066
1415,8	2,32927
1416,5	2,31378
1417,2	2,31342
1417,9	2,30935
1418,6	2,29874
1419,3	2,28142
1420	2,26682
1420,7	2,25883
1421,4	2,2473
1422,1	2,23815
1422,8	2,21216
1423,5	2,21064
1424,2	2,20031
1424,9	2,18074
1425,6	2,18714
1426,3	2,16616
1427	2,15742
1427,7	2,13603
1428,4	2,12336
1429,1	2,1098
1429,8	2,09712
1430,5	2,0788
1431,2	2,07197
1431,9	2,06849
1432,6	2,04847
1433,3	2,03706
1434	2,02102
1434,7	2,01623
1435,4	1,99527
1436,1	1,98367
1436,8	1,97705
1437,5	1,964
1438,2	1,95293
1438,9	1,93799
1439,6	1,93178
1440,3	1,91251
1441	1,91098
1441,7	1,8824
1442,4	1,88421
1443,1	1,86712
1443,8	1,85555
1444,5	1,84575
1445,2	1,82673
1445,9	1,8216
1446,6	1,81446
1447,3	1,80262
1448	1,79333
1448,7	1,78604
1449,4	1,77597
1450,1	1,76695
1450,8	1,75337
1451,5	1,74338
1452,2	1,73871
1452,9	1,72473
1453,6	1,71406
1454,3	1,70243
1455	1,69766
1455,7	1,69229
1456,4	1,68421
1457,1	1,67318
1457,8	1,66496
1458,5	1,66952
1459,2	1,65702
1459,9	1,64352
1460,6	1,64113
1461,3	1,63291
1462	1,6306
1462,7	1,63114
1463,4	1,62068
1464,1	1,61712
1464,8	1,61034
1465,5	1,60398
1466,2	1,60329
1466,9	1,5956
1467,6	1,58972
1468,3	1,59305
1469	1,58451
1469,7	1,58343
1470,4	1,58342
1471,1	1,57484
1471,8	1,57414
1472,5	1,57135
1473,2	1,5665
1473,9	1,57289
1474,6	1,566
1475,3	1,56651
1476	1,5686
1476,7	1,56765
1477,4	1,56905
1478,1	1,56518
1478,8	1,56259
1479,5	1,56547
1480,2	1,56613
1480,9	1,56383
1481,6	1,56298
1482,3	1,56193
1483	1,56226
1483,7	1,5662
1484,4	1,56498
1485,1	1,56142
1485,8	1,56844
1486,5	1,56785
1487,2	1,5686
1487,9	1,57422
1488,6	1,57415
1489,3	1,57863
1490	1,56928
1490,7	1,5808
1491,4	1,58115
1492,1	1,58457
1492,8	1,58871
1493,5	1,59009
1494,2	1,58827
1494,9	1,58714
1495,6	1,59431
1496,3	1,5936
1497	1,60077
1497,7	1,60041
1498,4	1,60493
1499,1	1,60925
1499,8	1,6097
1500,5	1,61064
1501,2	1,61702
1501,9	1,62444
1502,6	1,62023
1503,3	1,61957
1504	1,63164
1504,7	1,63349
1505,4	1,63069
1506,1	1,64619
1506,8	1,64113
1507,5	1,64064
1508,2	1,64732
1508,9	1,65355
1509,6	1,6568
1510,3	1,65876
1511	1,65854
1511,7	1,66882
1512,4	1,67536
1513,1	1,68303
1513,8	1,68761
1514,5	1,69338
1515,2	1,69467
1515,9	1,69893
1516,6	1,70927
1517,3	1,71415
1518	1,71492
1518,7	1,72537
1519,4	1,72985
1520,1	1,73099
1520,8	1,73639
1521,5	1,74029
1522,2	1,74483
1522,9	1,75352
1523,6	1,7473
1524,3	1,75999
1525	1,76615
1525,7	1,77061
1526,4	1,76569
1527,1	1,77901
1527,8	1,7863
1528,5	1,79231
1529,2	1,79673
1529,9	1,80527
1530,6	1,81193
1531,3	1,80674
1532	1,81655
1532,7	1,81527
1533,4	1,83113
1534,1	1,82673
1534,8	1,836
1535,5	1,83984
1536,2	1,85379
1536,9	1,8571
1537,6	1,86467
1538,3	1,87212
1539	1,8802
1539,7	1,87693
1540,4	1,89093
1541,1	1,87997
1541,8	1,89323
1542,5	1,88997
1543,2	1,90439
1543,9	1,90913
1544,6	1,91232
1545,3	1,91575
1546	1,92974
1546,7	1,93851
1547,4	1,94069
1548,1	1,93863
1548,8	1,95059
1549,5	1,95914
1550,2	1,96974
1550,9	1,96725
1551,6	1,97926
1552,3	1,98555
1553	1,99037
1553,7	1,98394
1554,4	1,98653
1555,1	2,00381
1555,8	2,01277
1556,5	2,01565
1557,2	2,02713
1557,9	2,0155
1558,6	2,02629
1559,3	2,03977
1560	2,03146
1560,7	2,05012
1561,4	2,04632
1562,1	2,06391
1562,8	2,06541
1563,5	2,0766
1564,2	2,06812
1564,9	2,07036
1565,6	2,08395
1566,3	2,08339
1567	2,09386
1567,7	2,09363
1568,4	2,10072
1569,1	2,11595
1569,8	2,1249
1570,5	2,11254
1571,2	2,13326
1571,9	2,13375
1572,6	2,13262
1573,3	2,14124
1574	2,15972
1574,7	2,15509
1575,4	2,159
1576,1	2,16273
1576,8	2,16485
1577,5	2,17467
1578,2	2,16175
1578,9	2,19529
1579,6	2,18079
1580,3	2,18343
1581	2,18869
1581,7	2,20978
1582,4	2,21507
1583,1	2,19914
1583,8	2,20661
1584,5	2,22162
1585,2	2,22821
1585,9	2,23699
1586,6	2,22513
1587,3	2,22304
1588	2,23417
1588,7	2,22929
1589,4	2,24426
1590,1	2,24127
1590,8	2,2599
1591,5	2,24851
1592,2	2,27471
1592,9	2,26825
1593,6	2,26163
1594,3	2,26382
1595	2,28858
1595,7	2,29224
1596,4	2,29436
1597,1	2,2867
1597,8	2,28959
1598,5	2,31525
1599,2	2,32442
1599,9	2,30027
1600,6	2,29024
1601,3	2,30359
1602	2,29581
1602,7	2,31443
1603,4	2,2997
1604,1	2,30169
1604,8	2,33736
1605,5	2,32674
1606,2	2,34467
1606,9	2,32235
1607,6	2,3416
1608,3	2,33912
1609	2,34465
1609,7	2,30011
1610,4	2,34201
1611,1	2,35922
1611,8	2,35871
1612,5	2,34098
1613,2	2,3611
1613,9	2,35329
1614,6	2,36077
1615,3	2,37255
1616	2,37315
1616,7	2,36503
1617,4	2,37433
1618,1	2,367
1618,8	2,39157
1619,5	2,3504
1620,2	2,37763
1620,9	2,37641
1621,6	2,34454
1622,3	2,37546
1623	2,37991
1623,7	2,37193
1624,4	2,38606
1625,1	2,40205
1625,8	2,40978
1626,5	2,35365
1627,2	2,38286
1627,9	2,33969
1628,6	2,37579
1629,3	2,37535
1630	2,36572
1630,7	2,37879
1631,4	2,39922
1632,1	2,36786
1632,8	2,37911
1633,5	2,35556
1634,2	2,36534
1634,9	2,37554
1635,6	2,38208
1636,3	2,37414
1637	2,36999
1637,7	2,37232
1638,4	2,36864
1639,1	2,3678
1639,8	2,4171
1640,5	2,3688
1641,2	2,35369
1641,9	2,4
1642,6	2,38106
1643,3	2,3571
1644	2,35243
1644,7	2,36696
1645,4	2,38963
1646,1	2,34938
1646,8	2,36446
1647,5	2,35817
1648,2	2,31694
1648,9	2,37324
1649,6	2,36348
1650,3	2,34485
1651	2,33679
1651,7	2,33774
1652,4	2,33636
1653,1	2,32301
1653,8	2,31956
1654,5	2,31164
1655,2	2,31004
1655,9	2,29965
1656,6	2,30393
1657,3	2,32458
1658	2,34864
1658,7	2,3148
1659,4	2,30934
1660,1	2,31964
1660,8	2,29493
1661,5	2,2631
1662,2	2,26641
1662,9	2,28012
1663,6	2,29098
1664,3	2,28298
1665	2,28463
1665,7	2,28953
1666,4	2,29205
1667,1	2,26822
1667,8	2,25378
1668,5	2,2626
1669,2	2,23757
1669,9	2,21582
1670,6	2,2444
1671,3	2,26522
1672	2,23127
1672,7	2,22126
1673,4	2,23122
1674,1	2,198
1674,8	2,2265
1675,5	2,20109
1676,2	2,21758
1676,9	2,20045
1677,6	2,18301
1678,3	2,21072
1679	2,16
1679,7	2,13756
1680,4	2,17444
1681,1	2,14745
1681,8	2,11192
1682,5	2,18569
1683,2	2,12643
1683,9	2,14697
1684,6	2,18654
1685,3	2,09076
1686	2,15173
1686,7	2,16597
1687,4	2,10033
1688,1	2,07365
1688,8	2,13296
1689,5	2,08122
1690,2	2,11001
1690,9	2,03607
1691,6	2,05135
1692,3	2,02549
1693	2,12291
1693,7	2,03398
1694,4	2,04653
1695,1	2,08438
1695,8	2,10448
1696,5	2,07994
1697,2	2,05328
1697,9	2,09203
1698,6	2,10625
1699,3	2,10493
1700	2,10697

